# Image list with two lines of data per image:
0 0.035754934237161896 -0.48084224779343077 0.09616861626195676 -0.8707801211603882 0.3506225266796603 1.2030235290637705 6.387537590954388 0 Camera

1 0.027184362449691336 -0.6502485526943429 0.04183550471637271 -0.7580834017940399 0.6067773983604663 1.3683408315378727 5.149012228313778 1 Camera.001

2 0.009172981937878574 0.7162808486811391 -0.0062184407901756744 0.6977495247998289 0.014339896177232747 1.322304622068312 4.914471818424848 2 Camera.002

3 0.04042642736881578 -0.768580717670372 0.054201083091520996 -0.6361712106129593 -0.36941902943133353 1.5096946915848828 4.677020967529529 3 Camera.003

4 0.01808886807058705 0.7972784857388538 -0.0059847269409483775 0.603306710031569 -0.3560032911796025 1.291334166964591 4.808095424525865 4 Camera.004

5 0.061975784102600434 0.8040361383331629 0.027460346742738926 0.5907047161509582 -1.0572341382845427 1.403249618510376 5.401543580968889 5 Camera.005

6 0.049872557826470695 0.8744011455334176 0.029371141395521883 0.48173448616948084 -0.7275615650337213 1.3099023813356272 5.162931706826533 6 Camera.006

7 0.07218474940224319 -0.9127272372340625 0.028908373717515253 -0.40110282573944644 -0.8621057760875432 1.303014386049373 6.438083877309978 7 Camera.007

